DU=C:/Bruker/XWIN-NMR, USER=cui, NAME=expnmr_00233, EXPNO=3, PROCNO=1
F1=222.377ppm, F2=22.377ppm, MI=1.00cm, MAXI=36.00cm, PC=1.500
     #     ADDRESS            FREQUENCY         INTENSITY
                           [Hz]        [PPM]
     1     38416.2    10152.646     100.9084         5.19
     2     38428.2    10148.093     100.8632         7.98
     3     38977.9     9937.852      98.7735         7.66
     4     39998.8     9547.429      94.8931         4.76
     5     44290.2     7906.314      78.5818         7.97
     6     44693.6     7752.027      77.0484         7.73
     7     44774.0     7721.289      76.7428         7.76
     8     45064.1     7610.347      75.6402         4.58
     9     45465.4     7456.887      74.1149         4.63
    10     45586.9     7410.388      73.6528         8.49
    11     45814.1     7323.511      72.7893         4.29
    12     45951.5     7270.966      72.2670         4.52
    13     45977.7     7260.941      72.1674        11.07
    14     45991.1     7255.836      72.1167         8.55
    15     46049.1     7233.662      71.8963        12.50
    16     46237.4     7161.631      71.1803         5.19
    17     46245.6     7158.491      71.1491         7.83
    18     46916.4     6901.970      68.5995         3.44
    19     46941.4     6892.417      68.5046         5.70
    20     48179.6     6418.901      63.7983         7.42
