P 0
238.962671   238.727011
236.708697   236.457833
234.735995   234.485131
227.639587   227.392524
227.388723   227.160665
225.393214   225.127147
225.047326   224.792662
224.150298   223.914638
221.869717   221.618853
218.243593   217.988928
215.434678   215.168610
214.359004   214.119543
213.705237   213.461975
205.974068   205.723204
205.719403   205.479942
203.518642   203.244972
198.603990   198.356927
197.988233   197.756374
194.312697   194.058032
192.932945   192.685882
185.684499   185.437436
182.206613   181.955749
180.667221   180.412556
170.556645   170.317184
168.196244   167.956783
167.470259   167.223196
166.546624   166.303362
161.468530   161.305088
161.301287   161.130244
158.021052   157.773989
153.676545   153.425681
151.327547   151.069081
148.108127   147.842059
145.306813   145.143371
145.139570   144.976129
143.037635   142.782970
141.239777   140.992714
140.304739   140.069079
139.734593   139.476128
136.598795   136.325125
132.520356   132.277094
124.511715   124.272254
122.717658   122.470596
120.186214   119.931549
115.712474   115.435003
114.895266   114.709018
114.705217   114.522771
112.884554   112.614685
111.151312   110.896647
110.839633   110.649584
110.645783   110.432929
104.495817   104.256356
98.722146   98.345850
97.935345   97.699685
96.627812   96.243914
92.651999   92.370728
88.953657   88.702793
86.144742   85.909082
78.025873   77.767408
76.376253   76.037967
75.110531   74.844463
74.840662   74.547988
74.544187   74.487172
74.483371   74.190696
73.411498   73.122624
72.225596   71.921518
71.891111   71.575630
71.503412   71.092907
70.568374   70.279500
70.275699   70.138864
70.135063   70.024835
70.021034   69.625734
69.621933   69.321656
69.317855   69.082195
69.021380   68.591870
67.105692   66.858629
66.535546   66.360702
66.356901   66.288483
66.284682   65.931192
61.582885   61.217992
59.184474   58.903202
58.640935   58.393872
58.276042   58.032780
58.028979   57.785717
52.646808   52.399745
50.020339   49.769475
47.880394   47.648535
47.055584   46.808521
45.812667   45.561803
44.497532   44.239066
41.152680   40.894214
26.446734   26.294695
26.290894   26.135055
16.495799   16.252537
14.462281   14.207616
13.375204   13.135743
11.619157   11.349288
11.242861   10.995798
4.131249   3.872783
